geoinfo/output/densidad_interpolada.tif
NCOLS 902
NROWS 368
XLLCORNER 442927
YLLCORNER 4085558
DX 99.940919
DY 99.600355
NODATA_VALUE -9999
[rows 286 to 311 of 368, columns 0 to 59 of 902]
427.84072 426.89331 425.94442 424.99412 424.04253 423.08971 422.13579 421.18085 420.22502 419.2684 418.31111 417.35329 416.39507 415.43658 414.47797 413.5194 412.56103 411.60302 410.64556 409.68883 408.73303 407.77835 406.82502 405.87325 404.92329 403.97536 403.02974 402.08668 401.14647 400.2094 399.27576 398.34589 397.42011 396.49876 395.58221 394.67082 393.765 392.86515 391.97168 391.08504 390.20568 389.33408 388.47073 387.61613 386.77081 385.93532 385.11021 384.29607 383.4935 382.70311 381.92555 381.16146 380.41153 379.67643 378.95688 378.25359 377.56731 376.89879 376.2488 375.61812
428.81001 427.87361 426.93591 425.99699 425.05695 424.11588 423.17389 422.23108 421.28757 420.34348 419.39893 418.45405 417.50897 416.56385 415.61882 414.67406 413.72971 412.78596 411.84298 410.90097 409.96012 409.02064 408.08273 407.14664 406.21259 405.28084 404.35163 403.42524 402.50194 401.58204 400.66582 399.75362 398.84577 397.9426 397.04447 396.15176 395.26486 394.38417 393.51011 392.64311 391.78363 390.93212 390.08908 389.255 388.43041 387.61583 386.81182 386.01895 385.23781 384.46901 383.71315 382.97088 382.24286 381.52976 380.83226 380.15107 379.4869 378.84048 378.21256 377.60389
429.78557 428.86017 427.93365 427.00609 426.07758 425.14824 424.21816 423.28745 422.35624 421.42464 420.49278 419.56079 418.62881 417.697 416.7655 415.83447 414.90408 413.9745 413.04592 412.11854 411.19254 410.26814 409.34555 408.42501 407.50675 406.59102 405.67808 404.76819 403.86164 402.95873 402.05974 401.16501 400.27487 399.38965 398.50971 397.63543 396.76719 395.90539 395.05044 394.20278 393.36284 392.5311 391.70802 390.8941 390.08985 389.2958 388.51249 387.74046 386.98031 386.23262 385.498 384.77707 384.07047 383.37885 382.70287 382.04323 381.40061 380.77573 380.1693 379.58205
430.76717 429.85277 428.93741 428.02118 427.1042 426.18655 425.26835 424.34971 423.43076 422.51161 421.59239 420.67325 419.75432 418.83575 417.91771 417.00034 416.08383 415.16835 414.25408 413.34122 412.42997 411.52054 410.61315 409.70803 408.80542 407.90557 407.00874 406.1152 405.22522 404.33911 403.45717 402.57971 401.70706 400.83956 399.97758 399.12147 398.27162 397.42843 396.59231 395.76367 394.94297 394.13066 393.3272 392.53308 391.74881 390.97489 390.21186 389.46027 388.72068 387.99366 387.27981 386.57974 385.89406 385.22341 384.56845 383.92983 383.30823 382.70432 382.11882 381.55242
431.75459 430.85117 429.94695 429.04205 428.13655 427.23057 426.32422 425.41762 424.51088 423.60413 422.69751 421.79116 420.88521 419.97983 419.07517 418.1714 417.26868 416.3672 415.46714 414.56871 413.6721 412.77753 411.88521 410.99539 410.10829 409.22417 408.3433 407.46593 406.59235 405.72286 404.85776 403.99735 403.14198 402.29199 401.44771 400.60952 399.77781 398.95295 398.13536 397.32546 396.52368 395.73046 394.94628 394.17161 393.40694 392.65277 391.90963 391.17806 390.4586 389.75181 389.05828 388.3786 387.71338 387.06322 386.42876 385.81065 385.20953 384.62608 384.06095 383.51484
432.74763 431.85516 430.96206 430.06845 429.17442 428.28007 427.38553 426.49092 425.59635 424.70196 423.80788 422.91426 422.02123 421.12897 420.23762 419.34735 418.45834 417.57077 416.68483 415.80072 414.91864 414.0388 413.16143 412.28677 411.41504 410.5465 409.68142 408.82006 407.9627 407.10964 406.26118 405.41763 404.57932 403.74659 402.91978 402.09926 401.28541 400.47862 399.67927 398.8878 398.10462 397.33018 396.56494 395.80936 395.06393 394.32913 393.6055 392.89353 392.19379 391.50681 390.83316 390.17342 389.52817 388.89802 388.28358 387.68548 387.10434 386.54081 385.99554 385.46919
433.74606 432.86452 431.98252 431.10017 430.21756 429.33481 428.45204 427.56937 426.68693 425.80484 424.92324 424.04229 423.16212 422.28289 421.40478 420.52793 419.65254 418.77879 417.90686 417.03696 416.16929 415.30407 414.44151 413.58187 412.72536 411.87225 411.0228 410.17728 409.33596 408.49914 407.66712 406.84021 406.01874 405.20304 404.39346 403.59036 402.79412 402.0051 401.22372 400.45038 399.6855 398.92951 398.18287 397.44604 396.71948 396.00369 395.29917 394.60642 393.92598 393.25839 392.60418 391.96393 391.33821 390.72761 390.13271 389.55413 388.99247 388.44836 387.92244 387.41533
434.74967 433.87904 433.00811 432.13698 431.26576 430.39457 429.52352 428.65275 427.78237 426.91252 426.04335 425.175 424.30761 423.44135 422.57638 421.71288 420.85101 419.99097 419.13295 418.27715 417.42377 416.57304 415.72517 414.8804 414.03897 413.20113 412.36714 411.53728 410.71181 409.89104 409.07526 408.26479 407.45994 406.66104 405.86845 405.08252 404.30361 403.53211 402.7684 402.01289 401.266 400.52815 399.79978 399.08134 398.37331 397.67616 396.99037 396.31646 395.65492 395.0063 394.37112 393.74993 393.14329 392.55177 391.97595 391.41642 390.87376 390.34859 389.84151 389.35315
435.75827 434.89851 434.0386 433.17866 432.31879 431.45911 430.59975 429.74081 428.88245 428.02478 427.16797 426.31214 425.45746 424.60408 423.75218 422.90192 422.05349 421.20706 420.36284 419.52102 418.68181 417.84543 417.01211 416.18207 415.35556 414.53284 413.71415 412.89977 412.08998 411.28506 410.48532 409.69106 408.90261 408.12029 407.34445 406.57543 405.8136 405.05933 404.31302 403.57505 402.84584 402.1258 401.41538 400.71501 400.02516 399.34628 398.67886 398.02339 397.38037 396.75031 396.13374 395.53119 394.9432 394.37033 393.81313 393.27219 392.74806 392.24135 391.75264 391.28253
436.77164 435.92272 435.07381 434.22501 433.37645 432.52823 431.68048 430.83334 429.98692 429.14138 428.29685 427.45348 426.61142 425.77085 424.93192 424.09482 423.25971 422.42679 421.59625 420.76829 419.94313 419.12098 418.30206 417.48662 416.67488 415.8671 415.06354 414.26447 413.47016 412.68091 411.89701 411.11876 410.34648 409.5805 408.82116 408.06881 407.32379 406.5865 405.85729 405.13657 404.42475 403.72222 403.02942 402.34678 401.67476 401.0138 400.36438 399.72698 399.10209 398.49021 397.89184 397.30751 396.73775 396.18309 395.64408 395.12128 394.61524 394.12653 393.65572 393.20339
437.78959 436.95147 436.1135 435.27581 434.4385 433.6017 432.76552 431.9301 431.09557 430.26208 429.42976 428.59877 427.76926 426.94141 426.11536 425.29131 424.46942 423.6499 422.83293 422.01872 421.20748 420.39942 419.59477 418.79376 417.99664 417.20365 416.41505 415.6311 414.8521 414.07831 413.31004 412.54758 411.79126 411.0414 410.29832 409.56238 408.83393 408.11333 407.40096 406.6972 406.00246 405.31713 404.64163 403.9764 403.32187 402.67849 402.04671 401.42702 400.81987 400.22578 399.64522 399.07871 398.52676 397.9899 397.46865 396.96355 396.47515 396.00399 395.55063 395.11563
438.81191 437.98455 437.1575 436.33086 435.50475 434.6793 433.85464 433.03088 432.20818 431.38666 430.56648 429.74779 428.93075 428.11551 427.30226 426.49116 425.68239 424.87616 424.07264 423.27205 422.4746 421.68049 420.88997 420.10325 419.32058 418.54221 417.7684 416.99941 416.23551 415.477 414.72415 413.97728 413.23669 412.50271 411.77566 411.05589 410.34374 409.63957 408.94376 408.25668 407.57872 406.91029 406.25179 405.60363 404.96626 404.34011 403.72563 403.12328 402.53352 401.95683 401.3937 400.84461 400.31008 399.7906 399.28669 398.79888 398.32769 397.87365 397.4373 397.01918
439.83843 439.02178 438.20558 437.38995 436.57499 435.76084 434.94762 434.13547 433.32452 432.51491 431.70679 430.90031 430.09564 429.29294 428.49238 427.69413 426.89838 426.10531 425.31513 424.52804 423.74424 422.96395 422.1874 421.41482 420.64645 419.88254 419.12334 418.36912 417.62015 416.87671 416.13909 415.40759 414.68252 413.96419 413.25293 412.54908 411.85297 411.16498 410.48545 409.81477 409.15331 408.50147 407.85965 407.22826 406.60772 405.99847 405.40093 404.81557 404.24283 403.68318 403.1371 402.60505 402.08754 401.58505 401.09808 400.62714 400.17275 399.73541 399.31564 398.91398
440.86893 440.06295 439.25756 438.45288 437.64902 436.84611 436.04427 435.24365 434.44438 433.6466 432.85046 432.05612 431.26373 430.47346 429.68549 428.89999 428.11714 427.33713 426.56016 425.78643 425.01616 424.24955 423.48683 422.72824 421.97401 421.22439 420.47963 419.74 419.00576 418.2772 417.5546 416.83826 416.12848 415.42558 414.72988 414.0417 413.36139 412.68931 412.02579 411.37123 410.72598 410.09044 409.465 408.85006 408.24603 407.65335 407.07243 406.50371 405.94763 405.40466 404.87526 404.35988 403.859 403.37311 402.90269 402.44822 402.01022 401.58917 401.18558 400.79996
441.90324 441.10788 440.31325 439.51946 438.72664 437.9349 437.14438 436.35522 435.56755 434.78152 433.99728 433.21498 432.43479 431.65686 430.88138 430.10852 429.33846 428.57139 427.80751 427.04702 426.29013 425.53706 424.78803 424.04327 423.30302 422.56752 421.83703 421.1118 420.39211 419.67824 418.97045 418.26906 417.57436 416.88666 416.20627 415.53353 414.86877 414.21233 413.56457 412.92584 412.29652 411.67699 411.06763 410.46883 409.88101 409.30456 408.73992 408.18751 407.64776 407.12111 406.60802 406.10894 405.62433 405.15466 404.7004 404.26202 403.84001 403.43486 403.04705 402.67706
442.94117 442.15638 441.37245 440.5895 439.80765 439.02702 438.24775 437.46998 436.69384 435.91948 435.14705 434.3767 433.60861 432.84292 432.07983 431.31949 430.56211 429.80786 429.05694 428.30956 427.56592 426.82625 426.09075 425.35967 424.63324 423.9117 423.1953 422.4843 421.77897 421.07958 420.38641 419.69976 419.01992 418.34719 417.68189 417.02434 416.37488 415.73384 415.10156 414.4784 413.86473 413.26092 412.66734 412.08439 411.51245 410.95193 410.40324 409.86681 409.34304 408.83237 408.33525 407.85211 407.3834 406.92958 406.49111 406.06844 405.66205 405.27241 404.89998 404.54524
443.98255 443.20827 442.43499 441.66281 440.89186 440.12228 439.35419 438.58773 437.82304 437.06026 436.29956 435.54107 434.78498 434.03144 433.28062 432.5327 431.78788 431.04633 430.30825 429.57384 428.84332 428.11689 427.39479 426.67723 425.96445 425.2567 424.55422 423.85726 423.1661 422.48101 421.80226 421.13013 420.46493 419.80696 419.15652 418.51393 417.87951 417.25361 416.63656 416.02871 415.43041 414.84203 414.26395 413.69654 413.14018 412.59528 412.06223 411.54144 411.03333 410.53831 410.05681 409.58926 409.13611 408.69778 408.27473 407.8674 407.47626 407.10175 406.74433 406.40446
445.02719 444.26337 443.50067 442.7392 441.9791 441.22049 440.4635 439.70827 438.95495 438.20368 437.45461 436.70789 435.9637 435.2222 434.48355 433.74794 433.01556 432.28658 431.56121 430.83965 430.1221 429.40879 428.69992 427.99572 427.29644 426.60231 425.91357 425.23048 424.55331 423.88231 423.21777 422.55997 421.9092 421.26575 420.62994 420.00207 419.38247 418.77146 418.16937 417.57656 416.99337 416.42015 415.85728 415.30512 414.76405 414.23446 413.71673 413.21128 412.71849 412.23878 411.77257 411.32028 410.88232 410.45914 410.05116 409.65882 409.28256 408.92282 408.58005 408.25468
446.07492 445.32149 444.56932 443.8185 443.06917 442.32146 441.5755 440.83143 440.08939 439.34953 438.612 437.87696 437.14457 436.415 435.68842 434.96501 434.24494 433.52842 432.81563 432.10678 431.40207 430.70172 430.00593 429.31495 428.629 427.94832 427.27315 426.60374 425.94037 425.28328 424.63275 423.98907 423.35251 422.72338 422.10196 421.48858 420.88355 420.28718 419.69982 419.12178 418.55342 417.9951 417.44715 416.90996 416.38388 415.8693 415.3666 414.87616 414.39838 413.93367 413.48242 413.04505 412.62196 412.21358 411.82033 411.44262 411.0809 410.73558 410.40709 410.09587
447.12556 446.38248 445.64076 444.90052 444.1619 443.42502 442.69001 441.95701 441.22617 440.49764 439.77156 439.0481 438.32741 437.60966 436.89504 436.1837 435.47584 434.77165 434.07131 433.37503 432.68302 431.99548 431.31263 430.6347 429.96192 429.29452 428.63275 427.97685 427.32708 426.68371 426.047 425.41722 424.79467 424.17963 423.5724 422.97328 422.38257 421.80061 421.22771 420.66419 420.11041 419.5667 419.03341 418.5109 417.99953 417.49966 417.01168 416.53596 416.07289 415.62285 415.18625 414.76347 414.35492 413.96101 413.58215 413.21874 412.87121 412.53997 412.22543 411.92801
448.17896 447.44616 446.71483 445.9851 445.25711 444.53098 443.80684 443.08484 442.36511 441.64781 440.93309 440.2211 439.51201 438.80599 438.1032 437.40383 436.70806 436.01606 435.32805 434.64421 433.96475 433.28988 432.61982 431.95479 431.29502 430.64073 429.99218 429.34961 428.71326 428.08341 427.46032 426.84426 426.2355 425.63434 425.04106 424.45597 423.87936 423.31156 422.75288 422.20363 421.66417 421.13481 420.6159 420.1078 419.61085 419.12542 418.65186 418.19056 417.74189 417.30622 416.88395 416.47545 416.08112 415.70136 415.33656 414.98712 414.65345 414.33595 414.03502 413.75107
449.23495 448.51235 447.79135 447.07207 446.35463 445.63917 444.92583 444.21473 443.50603 442.79987 442.09641 441.3958 440.69821 440.0038 439.31274 438.62521 437.9414 437.26148 436.58566 435.91412 435.24708 434.58474 433.92731 433.27502 432.62809 431.98675 431.35125 430.72183 430.09873 429.48221 428.87254 428.26998 427.67481 427.08731 426.50777 425.93648 425.37375 424.81987 424.27516 423.73994 423.21453 422.69927 422.19448 421.70051 421.21771 420.74643 420.28702 419.83984 419.40527 418.98367 418.57542 418.1809 417.80048 417.43455 417.0835 416.74771 416.42758 416.1235 415.83585 415.56504
450.29336 449.58091 448.87017 448.16125 447.4543 446.74943 446.0468 445.34652 444.64876 443.95365 443.26135 442.57202 441.88582 441.20291 440.52347 439.84767 439.17569 438.50773 437.84396 437.18459 436.52982 435.87986 435.23491 434.59521 433.96096 433.33241 432.70978 432.09333 431.48328 430.87991 430.28347 429.69422 429.11243 428.53839 427.97237 427.41466 426.86557 426.32538 425.79441 425.27296 424.76137 424.25994 423.76901 423.28891 422.81998 422.36257 421.91702 421.48369 421.06293 420.65511 420.26059 419.87974 419.51292 419.16052 418.8229 418.50045 418.19355 417.90257 417.6279 417.36991
451.35404 450.65167 449.95111 449.25249 448.55595 447.8616 447.16958 446.48004 445.79312 445.10897 444.42774 443.74958 443.07466 442.40315 441.73521 441.07102 440.41076 439.75461 439.10277 438.45543 437.8128 437.17507 436.54245 435.91518 435.29346 434.67752 434.0676 433.46393 432.86677 432.27636 431.69295 431.11681 430.5482 429.9874 429.43469 428.89035 428.35466 427.82794 427.31046 426.80256 426.30452 425.81668 425.33935 424.87286 424.41755 423.97374 423.54178 423.12201 422.71478 422.32045 421.93936 421.57189 421.21838 420.8792 420.55473 420.24531 419.95133 419.67315 419.41113 419.16566
452.41684 451.72447 451.03403 450.34563 449.65941 448.97549 448.29402 447.61513 446.93896 446.26567 445.5954 444.92832 444.26458 443.60434 442.94779 442.29509 441.64642 441.00197 440.36193 439.72648 439.09584 438.47019 437.84976 437.23476 436.6254 436.02191 435.42453 434.83348 434.24902 433.67137 433.10081 432.53758 431.98196 431.43419 430.89458 430.36338 429.84089 429.3274 428.82319 428.32858 427.84387 427.36937 426.90539 426.45225 426.01029 425.57981 425.16117 424.75469 424.36072 423.9796 423.61167 423.25728 422.91679 422.59055 422.27892 421.98224 421.70088 421.4352 421.18555 420.9523
453.4816 452.79917 452.11877 451.44052 450.76454 450.09097 449.41995 448.75162 448.08611 447.42358 446.76418 446.10806 445.45539 444.80633 444.16105 443.51972 442.88252 442.24964 441.62126 440.99757 440.37877 439.76507 439.15667 438.55379 437.95663 437.36543 436.78041 436.20181 435.62986 435.06481 434.5069 433.95639 433.41354 432.87862 432.35189 431.83362 431.3241 430.82362 430.33246 429.85091 429.37929 428.91788 428.467 428.02697 427.5981 427.1807 426.77511 426.38166 426.00067 425.63248 425.27743 424.93586 424.60811 424.29452 423.99544 423.71121 423.44219 423.18872 422.95115 422.72982
