geoinfo/output/densidad_interpolada.tif
NCOLS 902
NROWS 368
XLLCORNER 442927
YLLCORNER 4085558
DX 99.940919
DY 99.600355
NODATA_VALUE -9999
[rows 130 to 155 of 368, columns 300 to 359 of 902]
1233.104 1308.5099 1334.8831 1333.3221 1316.3363 1291.2123 1262.2659 1232.0858 1202.2206 1173.5744 1146.6447 1121.6711 1098.7307 1077.8003 1058.7967 1041.6036 1026.0884 1012.1136 999.54337 988.24756 978.10415 969.00025 960.83237 953.50632 946.93675 941.04654 935.7662 931.03313 926.791 922.9891 919.58178 916.5279 913.79034 911.33557 909.13326 907.15594 905.37868 903.77882 902.33573 901.03059 899.84624 898.76696 897.77839 896.86735 896.02181 895.23073 894.48404 893.77259 893.08807 892.42302 891.77083 891.12571 890.48275 889.83792 889.18817 888.5315 887.86701 887.19509 886.51751 885.83758
1441.117 1449.3803 1432.5499 1402.8819 1367.0863 1328.9995 1290.884 1254.0731 1219.3227 1187.0202 1157.3167 1130.2139 1105.6221 1083.3989 1063.375 1045.3706 1029.206 1014.7083 1001.7147 990.07471 979.65032 970.31639 961.95981 954.47883 947.7821 941.78778 936.42256 931.6208 927.32376 923.47875 920.03855 916.96074 914.20721 911.7436 909.53896 907.56532 905.79739 904.21223 902.78904 901.50891 900.35462 899.31051 898.36228 897.49692 896.70257 895.96844 895.28475 894.64266 894.03424 893.45244 892.8911 892.3449 891.80945 891.28127 890.75787 890.2378 889.72074 889.20761 888.70066 888.20362
1698.1636 1608.0918 1535.5674 1472.5846 1415.8295 1363.996 1316.5558 1273.2446 1233.8592 1198.1883 1165.9967 1137.0299 1111.0241 1087.7165 1066.8526 1048.1919 1031.5105 1016.603 1003.2827 991.38071 980.74559 971.24165 962.74774 955.15588 948.36985 942.30401 936.88204 932.03595 927.70509 923.8353 920.37818 917.29038 914.53304 912.07124 909.87361 907.91183 906.16039 904.5962 903.19838 901.948 900.82788 899.82243 898.9175 898.10022 897.35896 896.68317 896.06334 895.49095 894.95842 894.45908 893.98715 893.53776 893.10696 892.69172 892.29001 891.90085 891.52437 891.16186 890.81594 890.49058
1901.5442 1739.4823 1622.0208 1530.8602 1456.032 1392.3097 1336.8623 1288.0435 1244.7989 1206.3787 1172.1994 1141.7763 1114.6906 1090.5735 1069.0968 1049.9681 1032.9266 1017.7401 1004.2025 992.13061 981.36231 971.75394 963.17834 955.52293 948.68802 942.58525 937.13624 932.27138 927.92878 924.05333 920.59585 917.51245 914.76383 912.31478 910.13367 908.19207 906.46437 904.92746 903.56049 902.34459 901.26267 900.2993 899.44048 898.67356 897.98711 897.37085 896.81555 896.31299 895.85591 895.43798 895.05379 894.69885 894.36958 894.06335 893.77851 893.51444 893.27159 893.05157 892.8572 892.69261
1992.2028 1811.8032 1674.7965 1568.1759 1482.1783 1410.6339 1349.757 1297.1675 1251.2922 1211.0248 1175.5394 1144.186 1116.4335 1091.8353 1070.0098 1050.6273 1033.4006 1018.079 1004.4431 992.30034 981.4816 971.83827 963.23954 955.57018 948.7285 942.62472 937.17939 932.32212 927.99047 924.12891 920.68801 917.62367 914.89651 912.47126 910.31631 908.40325 906.70656 905.20324 903.87255 902.69577 901.65602 900.73803 899.92803 899.21358 898.58352 898.02782 897.53753 897.10472 896.72245 896.38471 896.0864 895.82336 895.59234 895.39105 895.21814 895.07327 894.95716 894.8716 894.81955 894.80519
1984.3722 1822.3771 1688.9186 1580.4929 1491.4628 1417.1109 1354.0258 1299.8226 1252.8162 1211.7789 1175.7825 1144.0998 1116.1427 1091.4251 1069.5374 1050.1305 1032.9042 1017.5989 1003.989 991.87809 981.09434 971.48747 962.92561 955.29289 948.48734 942.41902 937.0085 932.18549 927.88768 924.05974 920.65244 917.62191 914.92898 912.5386 910.4194 908.54322 906.88475 905.42124 904.13218 902.9991 902.00536 901.13594 900.37731 899.71733 899.14507 898.6508 898.22585 897.86257 897.55431 897.29534 897.08089 896.90708 896.77093 896.67043 896.60448 896.57296 896.57675 896.61781 896.69915 896.82492
1917.4393 1786.6532 1669.7281 1569.3721 1484.1546 1411.6278 1349.4851 1295.8479 1249.2517 1208.5592 1172.8758 1141.4843 1113.7986 1089.3319 1067.6738 1048.4753 1031.4369 1016.3002 1002.8412 990.86503 980.20168 970.70253 962.23732 954.69165 947.96488 941.96827 936.62349 931.8612 927.61995 923.84519 920.48836 917.50621 914.86012 912.51555 910.44158 908.61047 906.99731 905.5797 904.33749 903.25254 902.30851 901.4907 900.78588 900.1822 899.66903 899.23692 898.87748 898.58336 898.34817 898.16648 898.03376 897.9464 897.90168 897.89779 897.93384 898.00988 898.12693 898.28699 898.49311 898.74936
1823.1296 1723.1272 1626.9798 1539.7883 1462.8054 1395.5341 1336.8833 1285.6838 1240.8749 1201.5499 1166.9483 1136.4341 1109.4724 1085.6104 1064.4619 1045.6958 1029.0259 1014.2049 1001.0172 989.27526 978.81496 969.49259 961.18201 953.77229 947.16573 941.27609 936.02712 931.35132 927.18877 923.48624 920.19633 917.27677 914.68983 912.40172 910.3822 908.60414 907.04316 905.67736 904.48704 903.45447 902.5637 901.8004 901.15167 900.60599 900.15304 899.78368 899.48981 899.26435 899.10119 898.99516 898.94198 898.93825 898.98148 899.07005 899.20322 899.38116 899.60498 899.87672 900.19937 900.57694
1720.5332 1646.3377 1570.3 1497.7156 1431.0481 1371.0521 1317.6092 1270.2234 1228.2787 1191.157 1158.2865 1129.1563 1103.3171 1080.3759 1059.9899 1041.8599 1025.7243 1011.3545 998.55006 987.13512 976.95523 967.8745 959.77319 952.54567 946.09861 940.34943 935.22495 930.66024 926.59755 922.9855 919.77828 916.93496 914.41898 912.19757 910.24137 908.52401 907.02181 905.71348 904.57987 903.60374 902.76959 902.0635 901.47298 900.98684 900.59512 900.28897 900.0606 899.90322 899.81097 899.77892 899.80302 899.8801 900.00782 900.18474 900.41023 900.68457 901.00891 901.38526 901.81659 902.30676
1619.8343 1565.869 1507.2483 1448.5768 1392.5963 1340.6821 1293.3465 1250.6131 1212.2562 1177.9396 1147.2917 1119.9443 1095.5506 1073.7926 1054.383 1037.0643 1021.6073 1007.8083 995.48649 984.48173 974.65216 965.87207 958.03004 951.02724 944.77599 939.19837 934.22509 929.79445 925.85147 922.34707 919.2374 916.48322 914.04939 911.90437 910.01988 908.37049 906.93332 905.68782 904.61546 903.69958 902.9252 902.27886 901.74849 901.32329 900.99365 900.75106 900.58803 900.49803 900.47549 900.5157 900.61482 900.76987 900.97868 901.23991 901.55307 901.91848 902.3373 902.81153 903.34406 903.93859
1526.0087 1487.413 1443.0433 1396.607 1350.6599 1306.7708 1265.7845 1228.0649 1193.681 1162.5326 1134.4306 1109.1451 1086.4341 1066.0591 1047.7937 1031.4274 1016.7675 1003.6391 991.8843 981.36121 971.94271 963.51505 955.97657 949.23647 943.21367 937.83573 933.03794 928.76241 924.95737 921.57645 918.57809 915.92501 913.58372 911.52414 909.7192 908.14456 906.77828 905.6006 904.59373 903.74166 903.02996 902.44569 901.97723 901.6142 901.34737 901.16856 901.0706 901.04724 901.09316 901.20387 901.37574 901.60595 901.89248 902.23412 902.63043 903.08177 903.5893 904.15499 904.7816 905.47272
1441.1413 1414.0331 1380.9563 1344.7885 1307.7227 1271.2808 1236.4282 1203.7159 1173.4074 1145.5785 1120.1882 1097.1271 1076.2495 1057.3928 1040.391 1025.0814 1011.3091 998.92959 987.80942 977.82641 968.86945 960.83786 953.64072 947.19609 941.43018 936.27666 931.67588 927.57422 923.9235 920.68035 917.80578 915.26469 913.02545 911.05959 909.34142 907.84777 906.55775 905.4525 904.51503 903.73001 903.08365 902.56355 902.15857 901.85879 901.65536 901.54044 901.50719 901.54964 901.66272 901.84216 902.08453 902.38715 902.74814 903.16636 903.64146 904.1738 904.76454 905.41557 906.12954 906.90989
1365.745 1347.1378 1322.8381 1295.0404 1265.5456 1235.7151 1206.5061 1178.5442 1152.2031 1127.6755 1105.0297 1084.2526 1065.2795 1048.0156 1032.3498 1018.1647 1005.3423 993.76796 983.33277 973.9346 965.4788 957.87827 951.05332 944.93131 939.4462 934.53813 930.15288 926.24138 922.75929 919.6665 916.92679 914.50741 912.37876 910.51408 908.88917 907.48216 906.27327 905.24462 904.38008 903.66505 903.08641 902.63234 902.29223 902.05659 901.91699 901.86597 901.89699 902.00438 902.18329 902.42969 902.74032 903.11265 903.54491 904.03605 904.58575 905.19439 905.86308 906.59365 907.38863 908.25129
1299.5036 1287.1423 1269.5796 1248.4764 1225.2754 1201.14 1176.9503 1153.3342 1130.7123 1109.345 1089.3739 1070.8564 1053.7919 1038.1413 1023.8415 1010.8152 998.97821 988.24409 978.52728 969.74515 961.81927 954.67603 948.24702 942.46902 937.28393 932.63849 928.4841 924.77643 921.47513 918.5435 915.94822 913.65901 911.6484 909.89146 908.36556 907.05019 905.92677 904.97843 904.18994 903.54751 903.03869 902.65227 902.37819 902.20743 902.13198 902.14475 902.23951 902.4109 902.6543 902.96589 903.34258 903.78199 904.28245 904.84297 905.46326 906.14371 906.88537 907.68999 908.55999 909.49845
1241.6957 1233.8945 1221.4586 1205.642 1187.5843 1168.2523 1148.42 1128.6757 1109.4444 1091.0169 1073.5782 1057.2331 1042.028 1027.9673 1015.0271 1003.1643 992.32434 982.446 973.46519 965.31749 957.93983 951.27159 945.2553 939.837 934.96641 930.59692 926.68552 923.19267 920.08209 917.32056 914.87771 912.72583 910.83963 909.19605 907.77413 906.55474 905.52054 904.65574 903.94603 903.37843 902.94123 902.62383 902.41674 902.31142 902.30028 902.37662 902.53454 902.76894 903.07547 903.4505 903.8911 904.39504 904.96072 905.58723 906.2743 907.02229 907.83221 908.70571 909.64507 910.65323
1191.4362 1186.9431 1178.384 1166.7056 1152.8014 1137.461 1121.3459 1104.9842 1088.7797 1073.0277 1057.9333 1043.63 1030.196 1017.6679 1006.0519 995.33291 985.48108 976.45705 968.21577 960.70922 953.88845 947.70492 942.11153 937.06313 932.51698 928.43294 924.77349 921.50382 918.59167 916.00731 913.72334 911.71461 909.95805 908.43254 907.11873 905.99898 905.05717 904.27863 903.64999 903.15912 902.79502 902.54777 902.40841 902.36891 902.42213 902.56172 902.78212 903.07852 903.4468 903.88353 904.38595 904.95194 905.58 906.26927 907.01948 907.83097 908.7047 909.64221 910.64566 911.71778
1147.8112 1145.7007 1140.0578 1131.5988 1121.0211 1108.9627 1095.9785 1082.5296 1068.9845 1055.6264 1042.6645 1030.2462 1018.4691 1007.3917 997.04275 987.42853 978.5393 970.35392 962.8436 955.97471 949.71088 944.01457 938.84816 934.17475 929.95871 926.16601 922.76444 919.72373 917.01557 914.61361 912.49341 910.63235 909.00956 907.60583 906.40348 905.38633 904.5395 903.84943 903.30373 902.89111 902.60131 902.42506 902.35397 902.38052 902.49798 902.7004 902.98255 903.33989 903.76854 904.26527 904.82746 905.45313 906.14084 906.88978 907.69968 908.57087 909.50422 910.50118 911.56375 912.69451
1109.9495 1109.54 1106.0808 1100.1149 1092.1859 1082.806 1072.4347 1061.4671 1050.2303 1038.9864 1027.9376 1017.2347 1006.9851 997.26102 988.1065 979.54387 971.57891 964.20514 957.40729 951.16397 945.44976 940.23681 935.49606 931.19812 927.31391 923.81512 920.6745 917.86613 915.36545 913.14938 911.19633 909.48617 908.00018 906.72102 905.63268 904.72039 903.97055 903.37068 902.90936 902.57615 902.36153 902.25688 902.25438 902.34702 902.52849 902.79324 903.13633 903.55352 904.04116 904.59621 905.2162 905.89925 906.64401 907.44969 908.31604 909.24334 910.23239 911.28454 912.40163 913.58606
1077.0576 1077.8488 1076.017 1071.9751 1066.1466 1058.9411 1050.7359 1041.8651 1032.6138 1023.2181 1013.867 1004.7073 995.84941 987.37247 979.33036 971.75649 964.66821 958.07044 951.95879 946.32199 941.14391 936.40509 932.08401 928.15797 924.60381 921.39845 918.51927 915.94436 913.65272 911.62438 909.84046 908.2832 906.93598 905.7833 904.81073 904.00491 903.35347 902.84504 902.46912 902.21613 902.07727 902.04458 902.1108 902.2694 902.51453 902.84098 903.24416 903.72009 904.26534 904.87706 905.55294 906.29118 907.09051 907.95018 908.86992 909.84997 910.89106 911.99442 913.16175 914.39525
1048.4318 1050.0576 1049.4326 1046.8712 1042.7037 1037.2569 1030.839 1023.7297 1016.1746 1008.3821 1000.5246 992.74075 985.13852 977.79953 970.78291 964.12922 957.86393 952.00049 946.54298 941.48828 936.82796 932.54965 928.63832 925.07712 921.84818 918.93314 916.31354 913.9712 911.88842 910.04811 908.43396 907.03048 905.82302 904.79784 903.94206 903.24367 902.69152 902.27527 901.98538 901.81307 901.75027 901.78964 901.92449 902.14879 902.45708 902.84455 903.30691 903.84043 904.44193 905.10873 905.83864 906.62997 907.48153 908.39258 909.36284 910.39251 911.48224 912.63314 913.84675 915.12509
1023.4591 1025.653 1025.9173 1024.4922 1021.6356 1017.6077 1012.6596 1007.0242 1000.9105 994.50044 987.94845 981.38212 974.90418 968.59508 962.51591 956.71123 951.21181 946.03716 941.19774 936.69683 932.53216 928.69727 925.18259 921.97632 919.06522 916.43506 914.07117 911.95873 910.08302 908.42967 906.98473 905.73482 904.66719 903.76974 903.03108 902.44049 901.98798 901.66422 901.46059 901.36908 901.38235 901.49367 901.69689 901.98644 902.35731 902.80501 903.32558 903.91555 904.57194 905.29224 906.07441 906.91686 907.81843 908.77841 909.79652 910.87291 912.00813 913.20317 914.45943 915.77874
1001.6116 1004.1804 1005.0951 1004.5399 1002.7161 999.83134 996.08952 991.68362 986.79038 981.5671 976.15023 970.65526 965.17767 959.79451 954.56636 949.53936 944.7474 940.21401 935.95422 931.97614 928.28238 924.87122 921.73763 918.8741 916.27131 913.9187 911.80491 909.91813 908.24636 906.77766 905.50028 904.4028 903.47422 902.70399 902.08212 901.59913 901.24611 901.01474 900.89722 900.88634 900.97543 901.15835 901.42949 901.78373 902.21646 902.72355 903.30132 903.94657 904.65651 905.4288 906.26153 907.1532 908.1027 909.10933 910.17281 911.29322 912.47103 913.70712 915.00272 916.35946
982.43821 985.24253 986.62837 986.73706 985.72631 983.76157 981.00837 977.62617 973.7637 969.5559 965.12217 960.56572 955.97381 951.41865 946.95862 942.63974 938.49723 934.55703 930.83726 927.34955 924.10022 921.0913 918.32144 915.78667 913.48103 911.39709 909.52636 907.85969 906.38753 905.10011 903.98769 903.04063 902.24956 901.60538 901.09939 900.72327 900.46916 900.32964 900.29777 900.36705 900.53146 900.78544 901.12387 901.5421 902.03589 902.60144 903.23538 903.93472 904.69689 905.51971 906.40137 907.34047 908.33594 909.38712 910.49367 911.65563 912.87339 914.14769 915.47963 916.87063
965.55493 968.49515 970.21782 970.83162 970.46022 969.23565 967.2922 964.7614 961.768 958.42713 954.84247 951.10535 947.29454 943.47661 939.70665 936.02932 932.47989 929.08544 925.866 922.83561 920.0033 917.374 914.94928 912.72805 910.70713 908.88174 907.24588 905.79272 904.51482 903.40441 902.45352 901.65414 900.99838 900.47847 900.0869 899.81647 899.66026 899.61173 899.66471 899.8134 900.05241 900.3767 900.78166 901.26305 901.817 902.44005 903.12907 903.88132 904.69443 905.56635 906.4954 907.48025 908.51989 909.61363 910.76115 911.96241 913.21772 914.5277 915.89327 917.31568
950.63593 953.64156 955.6008 956.59731 956.72826 956.09911 954.81885 952.99583 950.73446 948.13256 945.27969 942.25605 939.13203 935.96824 932.81589 929.71741 926.70722 923.81259 921.0545 918.44852 916.00557 913.73273 911.63382 909.71006 907.96055 906.38269 904.97263 903.7255 902.63574 901.6973 900.90381 900.24873 899.72548 899.32754 899.04849 898.88212 898.82244 898.8637 899.00046 899.22758 899.54024 899.93394 900.40452 900.94813 901.56127 902.24077 902.98378 903.78777 904.65054 905.5702 906.54518 907.57421 908.65631 909.79083 910.97739 912.21591 913.50661 914.84998 916.24679 917.69811
937.40497 940.42687 942.54809 943.83314 944.35845 944.20838 943.47142 942.23682 940.5918 938.61928 936.39626 933.99278 931.47125 928.88635 926.28508 923.70714 921.18547 918.74682 916.41242 914.19864 912.11765 910.17803 908.38531 906.74249 905.25049 903.90854 902.71454 901.66533 900.75694 899.98483 899.34404 898.82933 898.43533 898.1566 897.98775 897.92347 897.95859 898.08815 898.30736 898.61171 898.99691 899.45895 899.99409 900.5989 901.27018 902.00506 902.80094 903.65549 904.5667 905.5328 906.55231 907.62405 908.74707 909.92071 911.14458 912.41853 913.7427 915.11744 916.54339 918.02142
