geoinfo/output/densidad_interpolada.tif
NCOLS 902
NROWS 368
XLLCORNER 442927
YLLCORNER 4085558
DX 99.940919
DY 99.600355
NODATA_VALUE -9999
[rows 130 to 155 of 368, columns 480 to 539 of 902]
1086.2063 1184.9414 1306.9169 1460.0948 1650.3373 1871.8164 2088.3095 2222.8749 2204.5274 2050.8235 1852.7925 1686.2159 1580.9342 1540.3961 1560.5701 1635.7756 1749.4418 1839.9855 1811.3311 1683.235 1545.7309 1430.7218 1337.7099 1262.0628 1200.0342 1148.7088 1105.6781 1068.8432 1036.2683 1006.0441 976.15659 944.37365 908.20306 865.10599 813.4447 755.05439 699.72703 667.07145 675.12158 720.89067 782.36309 839.26154 882.55592 910.8689 925.60918 929.08502 925.23953 921.02165 923.77067 934.68038 948.83047 961.41255 970.36576 975.41026 976.87439 975.15949 970.58537 963.38152 953.72978 941.83433
1106.4941 1210.7487 1344.1643 1519.5378 1751.0622 2042.9022 2355.732 2566.0079 2533.0954 2286.5824 1995.6285 1776.6706 1661.0305 1650.0229 1749.6963 1978.3554 2330.8857 2640.4567 2584.3458 2223.9631 1867.3121 1612.174 1438.7901 1317.7943 1229.8277 1163.3656 1111.3666 1069.1949 1033.4479 1001.2664 969.8844 936.28871 896.9484 847.74838 784.74219 707.44999 627.13184 575.05529 585.62522 654.40464 741.9823 817.51727 871.44219 904.68418 920.20592 920.74052 910.80619 900.65264 902.87634 918.89401 939.27344 956.46393 968.18476 974.68852 976.77452 975.12562 970.19394 962.24069 951.41425 937.85221
1119.9651 1224.7144 1361.2458 1545.0154 1795.7622 2126.6978 2502.6234 2769.8554 2727.106 2413.0337 2061.8468 1814.3432 1696.6419 1705.8881 1852.5357 2165.0371 2635.3251 3038.1226 2968.5017 2508.6947 2046.253 1715.521 1495.3678 1346.709 1242.5087 1166.5368 1109.0808 1064.0033 1027.0162 994.66848 963.7093 930.61705 891.18409 840.21797 771.97798 683.5774 585.88601 518.60577 530.95002 617.11804 722.45514 809.13473 868.67596 904.18205 919.68848 917.9931 903.63867 889.07006 891.0878 911.07237 935.79375 955.86219 969.10537 976.25701 978.45783 976.56683 971.09381 962.2712 950.14999 934.71929
1125.3509 1224.7556 1353.9976 1527.0502 1761.4549 2068.0594 2412.8344 2655.5246 2616.1126 2329.8106 2008.1491 1781.7771 1677.7678 1695.4487 1843.6506 2139.877 2555.0117 2885.1589 2830.9509 2449.8886 2034.0474 1715.5604 1494.3845 1341.8244 1234.1039 1155.7407 1097.0954 1051.965 1015.9622 985.50603 957.19281 927.35843 891.706 845.03663 781.6703 698.71491 606.55189 543.18914 555.36506 637.24317 737.14335 819.48172 876.20116 910.09664 924.88791 923.26902 909.78704 896.3779 898.66024 917.89547 941.72152 961.0939 973.77353 980.40092 982.06559 979.58763 973.4175 963.68129 950.25589 932.87667
1123.1699 1212.1343 1325.2295 1471.7284 1661.2959 1894.7906 2139.1151 2299.5024 2272.2795 2080.6509 1853.6003 1685.358 1606.6408 1623.2954 1740.0355 1956.9962 2232.9781 2433.7704 2404.0971 2167.2648 1876.6 1628.4062 1441.3937 1304.8974 1204.8525 1130.4899 1074.5211 1031.98 999.11741 972.63152 949.2221 925.35473 897.12086 860.23431 810.68582 747.63017 680.73481 637.41295 647.49184 706.81896 781.87385 846.8205 893.54995 922.59182 936.23297 936.84236 928.69217 920.8304 923.64901 938.21843 956.58822 971.98145 982.10154 987.05674 987.55073 984.17601 977.22425 966.65143 952.0908 932.91395
1115.4424 1190.8269 1283.1258 1396.4151 1532.8248 1686.3724 1831.502 1917.8118 1900.5387 1792.685 1656.6877 1548.3308 1494.8563 1505.6252 1582.1869 1715.6673 1870.9393 1976.0136 1962.6238 1836.2836 1662.0038 1494.43 1354.7409 1244.3116 1158.3649 1091.8765 1041.0177 1002.91 974.96909 954.40155 938.05036 922.51694 904.37898 880.47842 848.63993 809.64959 770.912 748.09417 755.78597 791.8523 839.58398 883.90318 918.09992 940.94793 953.2434 956.65717 954.43404 952.16909 955.42947 964.96799 976.80705 986.87984 993.30953 995.802 994.64367 990.15173 982.43358 971.25832 955.97721 935.51074
1104.8593 1165.7379 1236.9457 1318.7268 1408.9291 1500.2135 1576.8071 1616.0568 1601.8023 1541.0959 1461.7529 1393.7077 1356.961 1360.6318 1404.6875 1479.005 1560.0503 1612.8861 1608.9413 1547.7222 1453.0349 1350.3625 1254.409 1170.5268 1099.6601 1041.6001 996.17504 963.10937 941.34152 928.57209 921.48116 916.43721 910.20494 900.41838 886.03785 868.2008 851.36639 842.98454 849.18363 869.27112 896.46377 923.61078 946.49495 963.51736 974.52452 980.27197 982.53777 984.08382 987.41279 992.96101 999.11765 1003.9577 1006.3617 1005.9816 1002.8546 997.10314 988.71673 977.33384 962.03649 941.24657
1093.8937 1141.0295 1193.6812 1249.8965 1305.9 1355.527 1390.3352 1401.5161 1384.1599 1341.6928 1286.4553 1235.4857 1204.2985 1201.4846 1225.9473 1267.5899 1310.755 1339.3087 1342.4913 1318.7294 1274.0755 1217.0677 1154.8811 1092.4604 1033.3797 980.96815 938.75941 909.76261 894.91675 892.13617 897.07379 904.99604 912.28831 916.9674 918.5733 917.95145 917.04529 918.37894 923.93187 934.01529 947.29215 961.79667 975.81567 988.19118 998.3042 1006.0086 1011.5828 1015.6015 1018.6207 1020.8432 1022.0884 1022.0206 1020.3387 1016.8487 1011.4875 1004.3056 995.32821 984.22783 969.90213 950.24583
1084.2214 1119.3146 1157.1228 1194.6733 1227.8985 1252.0665 1262.8245 1257.0989 1232.9486 1190.1682 1134.0389 1078.2889 1040.8871 1033.2833 1052.1969 1082.883 1110.6804 1129.2614 1138.8921 1139.3606 1127.882 1102.5418 1064.3244 1016.3596 963.07687 910.42436 866.14964 838.19032 830.71951 841.24221 862.43758 886.8207 909.72275 929.47075 946.23184 960.66637 972.79596 981.70034 986.77738 989.34251 992.03075 996.76173 1003.9216 1012.9212 1022.888 1032.888 1041.7557 1048.0188 1050.5087 1049.2923 1045.5545 1040.4743 1034.5324 1027.6589 1019.6779 1010.6457 1000.8741 990.43986 978.283 961.68412
1076.5276 1101.6254 1128.4133 1153.6656 1173.6831 1184.9145 1184.8053 1171.2598 1139.7349 1083.5895 1003.7555 918.78497 860.70395 852.01866 883.41907 923.45711 949.34638 962.62991 977.18074 996.52359 1010.4921 1008.5556 986.8307 946.5339 891.81559 830.27572 774.82931 741.97839 742.40448 771.9702 816.15594 861.88446 902.99147 938.76076 970.76984 1000.1666 1025.4067 1041.8093 1045.705 1039.9405 1032.0386 1027.8292 1029.2545 1035.9271 1046.717 1060.103 1073.5402 1083.0326 1084.9573 1079.343 1069.595 1058.892 1048.3766 1037.7826 1026.5559 1014.6878 1003.1223 993.15588 984.40965 973.29115
1070.6085 1087.7609 1106.8969 1125.1296 1139.7847 1148.9025 1151.1409 1142.1432 1107.3659 1026.2645 895.58238 747.85432 647.86958 646.21829 718.56005 792.45105 824.86637 829.72754 845.5604 882.23249 918.64872 935.19691 924.62664 886.68702 824.02359 743.88803 664.58895 617.32123 626.59155 684.28441 760.48764 832.70233 893.90755 945.97612 993.26683 1038.5476 1079.0808 1104.616 1105.8111 1088.2707 1067.5953 1054.1837 1050.5311 1055.6732 1068.1173 1086.159 1106.2299 1120.9678 1122.4331 1110.7105 1093.3937 1076.4907 1061.3729 1046.9418 1031.7349 1015.3003 999.45845 988.29412 983.91435 981.39793
1065.6614 1076.7468 1090.805 1105.7231 1120.5122 1135.9346 1153.3855 1165.3256 1137.1841 1021.5943 812.562 566.17096 399.91081 417.74171 566.11578 698.95769 743.22901 733.09331 745.6673 797.85906 852.78529 882.67783 879.06355 840.79693 767.86454 664.246 551.17853 479.71561 498.54441 592.56215 706.3297 805.84133 885.50043 951.52803 1012.0106 1072.3103 1129.3692 1165.7607 1162.8116 1130.4351 1095.9993 1074.2255 1066.6287 1070.8894 1085.0827 1107.7982 1135.2909 1156.7235 1157.8942 1139.0295 1113.9875 1091.7627 1073.1229 1055.5563 1036.2205 1013.5465 989.84015 973.83191 973.82425 983.38775
1060.6783 1067.3163 1077.8946 1091.1352 1107.6439 1130.7679 1164.8764 1200.3854 1183.05 1038.8069 764.23906 438.00431 218.58271 255.89778 469.23815 651.06401 707.73315 687.93385 696.22593 754.09898 815.89727 850.89612 850.46784 812.59671 734.81236 617.23764 480.29024 388.99151 414.38069 535.52928 674.93364 791.2211 881.31553 954.8512 1022.3623 1091.0202 1158.1073 1201.5957 1195.6311 1153.6805 1111.596 1085.9302 1076.8055 1080.8211 1095.7273 1120.3549 1151.2728 1176.2014 1177.2003 1154.7679 1126.675 1102.9806 1083.5633 1064.8797 1043.0027 1015.0758 983.05648 960.02977 962.69431 984.51857
1054.8365 1058.3595 1066.1919 1077.5213 1093.3757 1116.9468 1150.7254 1181.7308 1158.0042 1016.7135 760.78006 467.08548 274.6263 302.92148 484.28211 646.3628 705.58634 697.83371 706.78979 754.41188 806.93011 837.76701 837.62986 803.42243 732.24936 624.12374 498.05831 414.01286 437.82239 551.63564 684.19135 796.13871 883.74338 955.51926 1020.9424 1086.2212 1148.4238 1188.0784 1183.6899 1147.5296 1110.8192 1088.5276 1081.1238 1085.5926 1099.6664 1121.8275 1148.5517 1169.4189 1170.4667 1152.5289 1129.6745 1109.9908 1093.3323 1076.4865 1055.6468 1027.8352 994.90186 970.53316 973.64578 1000.2527
1047.7582 1049.2296 1054.6067 1063.0976 1074.9968 1091.1355 1109.5913 1116.6895 1079.8366 968.04002 788.81554 595.24326 470.93964 475.80976 574.40655 674.60849 723.25262 733.45703 747.34319 780.37439 816.71275 838.72156 837.76659 810.47227 755.40715 675.28919 587.06345 531.52134 548.69863 629.0602 728.70631 818.57546 892.48366 954.44856 1010.2374 1063.2913 1110.6256 1140.0943 1140.6053 1120.0685 1097.4769 1083.7781 1080.6166 1086.2857 1098.8138 1116.2422 1135.169 1148.9469 1150.6375 1141.1356 1127.7451 1115.2105 1103.7586 1091.377 1075.4414 1054.1522 1029.7666 1012.8301 1016.904 1040.8553
1039.557 1039.808 1043.0162 1048.2449 1054.8718 1061.7828 1065.1668 1055.1141 1015.8596 936.44897 824.93154 711.48681 637.47664 628.46392 669.62026 720.83199 754.6309 771.99503 788.43453 811.29973 834.48602 848.47394 847.14056 828.00802 791.31162 741.36418 690.76443 661.82649 673.41351 721.75588 786.06183 849.2441 904.90874 953.22903 996.33474 1035.3641 1068.2049 1089.1662 1094.2147 1087.6666 1078.9941 1074.7889 1076.878 1084.5179 1096.1493 1109.8596 1123.0677 1132.4184 1135.3979 1132.7249 1127.443 1121.8013 1116.1527 1109.599 1100.8727 1089.486 1077.7072 1072.1689 1080.4327 1102.4759
1030.6941 1030.3509 1031.8504 1034.2052 1036.3278 1036.4714 1031.2552 1014.9439 980.90856 926.44453 857.91069 791.27689 745.88444 732.76199 746.38638 770.3963 791.688 807.82183 822.89239 839.18352 854.0536 862.80692 861.94763 850.25442 828.86101 801.76273 776.73956 764.39917 772.56014 800.03685 838.43241 879.29357 917.86901 952.59746 983.42559 1010.3553 1032.4235 1047.7648 1055.5801 1058.1921 1059.8776 1063.9104 1071.3899 1081.8438 1094.05 1106.4758 1117.4756 1125.5939 1130.1777 1131.8168 1131.8634 1131.459 1131.0508 1130.5118 1129.5866 1128.6275 1129.5718 1136.3021 1152.6515 1178.4201
1021.7584 1021.2602 1021.6154 1021.9371 1021.1223 1017.6019 1009.066 992.57313 965.64348 928.33876 885.03715 844.11941 814.7733 802.13252 804.38337 814.91134 827.51934 839.66389 851.52538 863.15629 873.04937 878.90189 879.01542 873.10471 862.50203 850.09274 839.97501 836.46381 842.34605 857.49687 879.26099 904.1182 929.06175 952.10546 972.21893 989.05845 1002.71 1013.5989 1022.62 1031.1698 1040.6829 1051.9941 1065.1133 1079.407 1093.8697 1107.3533 1118.8083 1127.583 1133.6819 1137.7826 1140.9342 1144.134 1148.0642 1153.1187 1159.6887 1168.6209 1181.6586 1201.3645 1229.8458 1266.4024
1013.2822 1012.9043 1012.6456 1011.8056 1009.4902 1004.5549 995.60997 981.26902 960.7845 934.92495 906.53319 880.11139 860.24475 849.55551 847.60278 851.67952 858.7839 867.02743 875.58136 883.79416 890.6449 894.97344 896.08145 894.18034 890.46356 886.75594 884.79791 885.60904 889.6276 897.25931 908.57808 922.59632 937.38321 950.85423 961.5055 968.94774 974.3203 980.20145 989.33686 1002.8375 1019.859 1038.8422 1058.4991 1077.9128 1096.2857 1112.7598 1126.4503 1136.7542 1143.8332 1148.8094 1153.3061 1158.7688 1166.1873 1176.262 1189.7676 1207.9388 1232.7196 1266.5946 1311.5878 1367.145
1005.6445 1005.5323 1005.0681 1003.7493 1000.9383 995.88955 987.83332 976.17811 960.84844 942.6447 923.38192 905.57407 891.65594 883.08691 879.88933 880.93665 884.72153 889.98579 895.84726 901.58487 906.48223 909.93722 911.73804 912.28123 912.534 913.58638 915.83087 918.51656 920.86701 923.6789 928.47074 935.37546 942.77546 948.30964 949.96264 947.16521 942.20385 940.84388 949.33397 968.95623 995.5174 1024.0635 1051.7958 1077.7337 1101.5349 1122.6513 1139.9487 1152.107 1159.0746 1163.0655 1167.2527 1173.92 1184.2055 1198.8069 1218.6572 1245.3778 1281.5447 1330.6557 1396.402 1480.3866
999.054 999.26116 998.85873 997.51124 994.80143 990.28112 983.55577 974.41963 963.02736 950.03548 936.60922 924.21577 914.23135 907.52633 904.25024 903.93006 905.78049 908.99831 912.8897 916.86244 920.41723 923.2255 925.26929 926.94266 928.9777 932.02847 935.86819 938.94586 939.93198 939.95022 941.15133 943.79031 945.97067 944.81166 937.49272 922.70058 903.6595 891.18655 898.52307 927.48218 967.46322 1008.2078 1045.4948 1078.9412 1109.1779 1136.1795 1158.23 1172.2732 1177.4783 1178.3118 1180.8174 1188.1651 1201.1061 1219.9041 1245.4308 1279.6768 1326.13 1390.1137 1478.7555 1599.2763
993.57698 994.10065 993.90771 992.78666 990.48264 986.74533 981.39407 974.4008 965.97502 956.61508 947.08166 938.2693 931.00089 925.82343 922.89798 922.02856 922.79237 924.68411 927.20969 929.92885 932.48905 934.683 936.5221 938.27829 940.41439 943.2832 946.53045 948.75888 948.94298 948.32993 948.61924 949.36482 948.1874 941.72414 926.22465 899.03596 863.54224 836.79713 842.85274 884.21315 940.21549 994.01514 1040.7013 1081.2166 1117.5299 1150.3272 1177.2359 1192.7165 1194.6956 1191.2234 1192.0635 1200.6084 1216.5129 1239.2907 1269.6074 1309.7107 1363.9274 1439.5007 1547.6994 1704.1071
989.18122 989.9887 990.06802 989.29222 987.51561 984.61069 980.51299 975.26978 969.08116 962.31535 955.47969 949.14181 943.8178 939.86524 937.42239 936.41288 936.6023 937.67208 939.2814 941.11082 942.89802 944.47486 945.80017 946.96497 948.13358 949.38259 950.47937 950.97124 951.03078 951.66711 953.03665 953.60997 950.7545 941.04258 920.32738 885.13577 838.73885 802.20382 807.44061 857.4419 924.14642 986.38273 1039.0296 1083.9281 1123.8122 1159.7054 1188.7958 1204.1846 1203.7209 1198.5085 1200.2442 1211.5674 1231.011 1257.4788 1291.3978 1335.0115 1392.9433 1473.3727 1589.9935 1764.2404
985.77639 986.82299 987.18447 986.78803 985.55671 983.43518 980.41864 976.58064 972.09233 967.22409 962.32194 957.75893 953.87165 950.90109 948.95681 948.01412 947.93923 948.52804 949.54488 950.75457 951.94828 952.96323 953.6914 954.06765 954.03345 953.511 952.52385 951.61186 951.96061 954.11862 956.85901 957.92288 954.75431 944.37134 923.28585 888.95602 845.43476 812.38083 817.74292 864.45583 928.22691 989.25419 1041.7471 1086.705 1126.2227 1160.826 1187.7272 1201.5622 1202.392 1200.9731 1207.1827 1222.778 1246.0399 1275.6845 1311.8502 1356.357 1413.2541 1489.9367 1598.897 1759.446
983.24469 984.4844 985.1091 985.07895 984.35794 982.93075 980.8206 978.10469 974.92266 971.4736 967.99864 964.75036 961.95548 959.78033 958.3089 957.53815 957.38921 957.728 958.38835 959.19281 959.96865 960.55736 960.81521 960.60611 959.80459 958.36997 956.59315 955.41885 956.0978 958.79312 961.96996 963.37714 960.78799 951.96053 934.7404 908.46083 877.81124 856.99475 863.33866 899.14968 950.05317 1001.9453 1048.8408 1089.9818 1125.9735 1156.5561 1179.6597 1192.8839 1198.3431 1203.9255 1216.1941 1236.4287 1263.3078 1295.5665 1332.878 1376.1595 1428.0433 1493.6592 1581.4523 1702.8106
981.46116 982.85211 983.70812 984.00846 983.74013 982.90833 981.5471 979.72757 977.56113 975.19537 972.80156 970.55516 968.61295 967.09208 966.05604 965.51019 965.4065 965.65445 966.13465 966.71159 967.24375 967.58968 967.61124 967.18128 966.21828 964.79004 963.30255 962.59558 963.51536 966.02683 968.92047 970.44091 968.88236 962.77595 951.18145 934.72612 917.54476 908.25592 915.8339 941.81276 979.32536 1020.0748 1059.1174 1094.6202 1126.0142 1152.6308 1173.3789 1187.9487 1198.9047 1211.3462 1229.3409 1253.9346 1284.2577 1319.0268 1357.2416 1398.5175 1443.5147 1494.4939 1555.4781 1630.6855
