geoinfo/output/densidad_interpolada.tif
NCOLS 902
NROWS 368
XLLCORNER 442927
YLLCORNER 4085558
DX 99.940919
DY 99.600355
NODATA_VALUE -9999
[rows 156 to 181 of 368, columns 480 to 539 of 902]
980.30548 981.81229 982.86424 983.45116 983.57201 983.24122 982.49468 981.39393 980.02683 978.50362 976.94806 975.48468 974.22435 973.25106 972.61272 972.31742 972.33519 972.60386 973.03706 973.53247 973.97913 974.26399 974.28037 973.94615 973.24672 972.31561 971.52498 971.45484 972.57819 974.799 977.31803 978.96072 978.58485 975.35391 969.05977 960.72894 953.3522 951.74468 960.33728 980.07011 1007.8994 1039.3841 1071.0899 1101.0923 1128.3891 1152.3101 1172.4772 1189.4494 1205.4141 1223.6427 1246.7723 1275.7274 1309.9743 1348.1625 1388.5045 1429.0317 1468.0711 1504.9783 1540.4979 1575.4447
979.66808 981.26222 982.47644 983.30598 983.75534 983.84184 983.59891 983.07793 982.34776 981.49137 980.59952 979.76225 979.05949 978.5525 978.27768 978.24367 978.43178 978.79933 979.28461 979.81273 980.30195 980.6712 980.85134 980.80539 980.56321 980.26746 980.19979 980.7197 982.0737 984.17179 986.52991 988.43863 989.22113 988.47228 986.30884 983.66768 982.49702 985.43302 994.70399 1010.8739 1032.595 1057.5576 1083.6038 1109.2181 1133.4792 1155.9075 1176.5174 1196.0973 1216.3718 1239.5993 1267.7114 1301.6554 1341.2366 1385.1434 1430.8569 1474.5911 1511.7733 1538.4418 1552.8988 1555.6449
979.45238 981.11172 982.45859 983.49076 984.21463 984.64717 984.81753 984.76766 984.55134 984.23142 983.87532 983.54918 983.31167 983.20824 983.26696 983.49631 983.88525 984.40515 985.01331 985.65749 986.28168 986.83367 987.27616 987.60342 987.86365 988.17963 988.74692 989.78169 991.41446 993.58458 996.01916 998.32528 1000.1475 1001.3357 1002.1055 1003.1676 1005.7355 1011.27 1020.9412 1035.0937 1053.1204 1073.8244 1095.9319 1118.4285 1140.6711 1162.4163 1183.8944 1205.9283 1229.9481 1257.7513 1291.0604 1331.0983 1378.2596 1431.6873 1488.5334 1543.0588 1586.5529 1609.6983 1607.3749 1581.6214
979.57497 981.28285 982.73758 983.93791 984.89028 985.60977 986.12082 986.45711 986.66056 986.77907 986.86324 986.96237 987.12022 987.37112 987.73717 988.22662 988.83386 989.54076 990.31932 991.13542 991.95387 992.74516 993.49458 994.21392 994.95388 995.81096 996.9179 998.40782 1000.3573 1002.7375 1005.4092 1008.1764 1010.8808 1013.5061 1016.2694 1019.6723 1024.4638 1031.4761 1041.3578 1054.3309 1070.1272 1088.1357 1107.649 1128.0746 1149.0634 1170.5909 1193.0337 1217.239 1244.5322 1276.6148 1315.375 1362.6642 1419.9892 1487.8475 1564.2245 1641.9482 1706.1728 1736.8091 1720.3689 1661.8998
979.96459 981.70881 983.25137 984.59121 985.73395 986.69225 987.48604 988.14205 988.69289 989.17521 989.62737 990.08655 990.5859 991.15184 991.80217 992.54496 993.37859 994.29282 995.27083 996.2924 997.33807 998.39457 999.46158 1000.5591 1001.7338 1003.0594 1004.628 1006.5272 1008.8103 1011.4745 1014.4618 1017.692 1021.1174 1024.7835 1028.8783 1033.748 1039.8616 1047.7126 1057.6839 1069.9321 1084.3561 1100.665 1118.505 1137.5915 1157.817 1179.3369 1202.6456 1228.6442 1258.6866 1294.5986 1338.6926 1393.7896 1463.1604 1550.009 1655.5019 1773.5405 1881.7893 1938.7259 1908.9478 1802.5448
980.56062 982.33251 983.94711 985.40324 986.70538 987.86378 988.89434 989.81807 990.66029 991.44914 992.21389 992.98291 993.78162 994.63072 995.54488 996.53202 997.59345 998.72471 999.91731 1001.1612 1002.4482 1003.776 1005.1526 1006.6012 1008.1627 1009.8943 1011.8631 1014.1322 1016.7456 1019.7188 1023.0415 1026.6977 1030.6974 1035.1102 1040.0898 1045.878 1052.7777 1061.0973 1071.0805 1082.8506 1096.3963 1111.6079 1128.3498 1146.5463 1166.2653 1187.7958 1211.7242 1239.0154 1271.1035 1310.0168 1358.5724 1420.6846 1501.7609 1608.8487 1749.1574 1922.8275 2103.0386 2213.4781 2170.2092 1991.2898
981.31138 983.10497 984.77943 986.33338 987.77019 989.09789 990.32894 991.47975 992.56989 993.621 994.65554 995.6953 996.76 997.8661 999.0259 1000.2471 1001.5331 1002.8836 1004.296 1005.7675 1007.2976 1008.8908 1010.56 1012.3288 1014.233 1016.3186 1018.6374 1021.2394 1024.165 1027.4408 1031.0834 1035.1105 1039.5595 1044.5054 1050.0727 1056.4347 1063.7965 1072.3634 1082.3046 1093.7268 1106.6693 1121.1273 1137.0975 1154.6369 1173.9272 1195.3427 1219.5251 1247.475 1280.6777 1321.2984 1372.5084 1439.0293 1527.9755 1649.8439 1818.3241 2043.1286 2300.1355 2477.3106 2422.5526 2163.442
982.17256 983.98388 985.70898 987.34632 988.89828 990.371 991.77412 993.12031 994.42464 995.70374 996.97483 998.25472 999.55882 1000.9003 1002.2896 1003.7342 1005.2386 1006.8055 1008.4363 1010.1331 1011.9003 1013.7467 1015.6877 1017.7464 1019.9543 1022.3499 1024.9759 1027.8749 1031.0852 1034.6399 1038.5692 1042.9072 1047.7024 1053.0269 1058.9824 1065.6981 1073.3204 1081.9959 1091.8528 1102.9885 1115.4709 1129.3545 1144.7122 1161.6772 1180.4929 1201.571 1225.5603 1253.4395 1286.6525 1327.3269 1378.6395 1445.4316 1535.1874 1659.3043 1833.4221 2070.6857 2349.3713 2547.4124 2489.4508 2207.0174
983.10572 984.93224 986.70111 988.41071 990.06263 991.66147 993.21455 994.73158 996.22404 997.70463 999.18651 1000.6826 1002.2049 1003.7641 1005.3688 1007.0261 1008.7412 1010.5186 1012.3623 1014.2774 1016.2716 1018.356 1020.5471 1022.8671 1025.3443 1028.0122 1030.9077 1034.0685 1037.5318 1041.3333 1045.5091 1050.1003 1055.1579 1060.7483 1066.9557 1073.8803 1081.6327 1090.3246 1100.0599 1110.9296 1123.0156 1136.4028 1151.2023 1167.5821 1185.8051 1206.276 1229.6 1256.663 1288.7518 1327.7429 1376.41 1438.9146 1521.521 1633.3328 1785.7127 1985.13 2206.9375 2354.0552 2304.4174 2082.9709
984.07696 985.91716 987.72475 989.49817 991.2384 992.94882 994.63493 996.304 997.96469 999.62654 1001.2995 1002.9933 1004.7172 1006.4795 1008.2876 1010.1478 1012.0654 1014.0459 1016.0947 1018.2189 1020.4278 1022.7338 1025.1537 1027.7088 1030.4248 1033.3319 1036.4627 1039.8521 1043.5354 1047.5488 1051.9303 1056.7225 1061.9749 1067.7474 1074.1107 1081.1457 1088.9399 1097.5829 1107.1624 1117.7631 1129.4705 1142.3809 1156.6176 1172.3533 1189.838 1209.4335 1231.6571 1257.2406 1287.2147 1323.035 1366.7696 1421.3596 1490.8969 1580.5991 1695.3044 1833.3177 1971.4429 2051.6745 2015.663 1878.1317
985.05577 986.90877 988.75143 990.58236 992.40214 994.21322 996.01961 997.82668 999.64074 1001.4688 1003.318 1005.1956 1007.1084 1009.0627 1011.0644 1013.1187 1015.231 1017.4067 1019.652 1021.975 1024.3857 1026.8971 1029.5257 1032.2919 1035.2196 1038.3361 1041.6716 1045.2581 1049.1293 1053.3204 1057.869 1062.8163 1068.2088 1074.0999 1080.5499 1087.6258 1095.3993 1103.9447 1113.3373 1123.6542 1134.9773 1147.4011 1161.0439 1176.0628 1192.6724 1211.1667 1231.9464 1255.5517 1282.7047 1314.3639 1351.7869 1396.579 1450.639 1515.7383 1592.0739 1674.6709 1747.6582 1783.3512 1759.489 1683.4109
986.01407 987.87934 989.75443 991.63825 993.53117 995.43493 997.35241 999.28738 1001.2442 1003.2278 1005.2429 1007.2944 1009.3871 1011.5252 1013.7129 1015.9546 1018.2546 1020.6182 1023.0516 1025.5631 1028.1629 1030.8641 1033.6827 1036.6382 1039.753 1043.0525 1046.5646 1050.3192 1054.3482 1058.6849 1063.3654 1068.4285 1073.9167 1079.8775 1086.3628 1093.429 1101.1361 1109.5466 1118.7253 1128.7399 1139.664 1151.582 1164.5961 1178.8355 1194.4666 1211.7038 1230.8206 1252.1578 1276.1296 1303.2172 1333.9419 1368.7855 1408.003 1451.2178 1496.6397 1539.8382 1572.7207 1584.9734 1570.0042 1530.923
986.92533 988.80241 990.708 992.64139 994.60295 996.59392 998.61627 1000.6725 1002.7653 1004.8976 1007.0721 1009.2917 1011.5586 1013.8754 1016.2445 1018.6686 1021.151 1023.6963 1026.3103 1029.0007 1031.7778 1034.6542 1037.6457 1040.7706 1044.0503 1047.5086 1051.1718 1055.0679 1059.2268 1063.6801 1068.4614 1073.6066 1079.1544 1085.1465 1091.6281 1098.6471 1106.254 1114.5014 1123.4443 1133.1401 1143.6511 1155.0466 1167.4074 1180.8289 1195.4253 1211.3309 1228.6977 1247.6862 1268.4433 1291.0595 1315.4918 1341.4369 1368.1435 1394.1903 1417.3581 1434.8814 1444.3332 1444.659 1436.074 1419.1454
987.76374 989.65206 991.58663 993.56729 995.59453 997.66934 999.79298 1001.9668 1004.1922 1006.4701 1008.8015 1011.1867 1013.6261 1016.1199 1018.6685 1021.2727 1023.9345 1026.657 1029.4452 1032.3063 1035.2499 1038.2883 1041.4366 1044.7127 1048.1369 1051.7321 1055.523 1059.5362 1063.7998 1068.3434 1073.1982 1078.397 1083.9747 1089.9681 1096.4162 1103.3599 1110.8417 1118.9056 1127.597 1136.9629 1147.0527 1157.9192 1169.6194 1182.215 1195.7704 1210.3478 1225.9963 1242.7302 1260.4929 1279.0961 1298.1258 1316.8108 1333.8731 1347.4516 1355.3532 1356.0725 1350.7126 1343.9509 1340.3063 1338.4262
988.50359 990.40222 992.36442 994.39075 996.482 998.63909 1000.8628 1003.1535 1005.5112 1007.9354 1010.4247 1012.9773 1015.5912 1018.264 1020.9937 1023.7789 1026.6195 1029.517 1032.4751 1035.5 1038.6006 1041.7888 1045.0793 1048.4896 1052.0395 1055.751 1059.6481 1063.756 1068.1013 1072.7117 1077.616 1082.8442 1088.4274 1094.3982 1100.79 1107.6377 1114.9768 1122.8436 1131.2745 1140.3063 1149.9758 1160.3193 1171.3715 1183.1632 1195.7164 1209.0346 1223.0876 1237.7849 1252.9341 1268.177 1282.8975 1296.1003 1306.2848 1311.4085 1309.2107 1298.4973 1282.0296 1269.0661 1269.457 1280.2967
989.11854 991.02597 993.01438 995.08521 997.23983 999.47926 1001.804 1004.2136 1006.7069 1009.2814 1011.9339 1014.6599 1017.4547 1020.3128 1023.2293 1026.2 1029.2222 1032.2952 1035.421 1038.6045 1041.854 1045.1809 1048.5998 1052.128 1055.7855 1059.5941 1063.5769 1067.7586 1072.1645 1076.8205 1081.7533 1086.9902 1092.5589 1098.4879 1104.8061 1111.5428 1118.7275 1126.3894 1134.5572 1143.2582 1152.5177 1162.3572 1172.7922 1183.8282 1195.4536 1207.6289 1220.2696 1233.2192 1246.2101 1258.8049 1270.3154 1279.6969 1285.43 1285.4503 1277.3341 1259.3893 1234.1266 1214.0798 1217.0975 1240.2057
989.58103 991.49489 993.50771 995.62209 997.84021 1000.1635 1002.5923 1005.1256 1007.7609 1010.4942 1013.3196 1016.23 1019.217 1022.2719 1025.3859 1028.5512 1031.7617 1035.014 1038.3079 1041.6468 1045.0381 1048.4932 1052.027 1055.6574 1059.4046 1063.291 1067.3399 1071.5754 1076.022 1080.7043 1085.6469 1090.8745 1096.412 1102.2839 1108.5152 1115.1304 1122.1537 1129.6082 1137.5159 1145.896 1154.764 1164.1296 1173.9932 1184.3411 1195.138 1206.3163 1217.7591 1229.2769 1240.5737 1251.1998 1260.4864 1267.4619 1270.7486 1268.4691 1258.2875 1238.1181 1209.2788 1184.4538 1187.8667 1219.3907
989.86163 991.77839 993.81312 995.96998 998.25228 1000.6622 1003.2002 1005.8648 1008.6526 1011.5573 1014.5707 1017.682 1020.8791 1024.1485 1027.4767 1030.8513 1034.2619 1037.7013 1041.1665 1044.6594 1048.1866 1051.7596 1055.3944 1059.1102 1062.9287 1066.8734 1070.9683 1075.2378 1079.7059 1084.3961 1089.3314 1094.534 1100.0259 1105.8285 1111.9628 1118.4493 1125.3076 1132.5559 1140.2106 1148.2847 1156.7864 1165.7163 1175.0645 1184.8045 1194.8867 1205.2277 1215.6962 1226.0939 1236.1288 1245.3814 1253.259 1258.9395 1261.3046 1258.8842 1249.9075 1232.8724 1209.0148 1188.6628 1192.3275 1221.5484
989.92842 991.84294 993.89604 996.09382 998.44126 1000.9416 1003.596 1006.4028 1009.3574 1012.4516 1015.6741 1019.0102 1022.4425 1025.952 1029.5191 1033.125 1036.7536 1040.3928 1044.0362 1047.6835 1051.3409 1055.0209 1058.7413 1062.524 1066.3932 1070.3748 1074.4945 1078.7775 1083.2478 1087.9282 1092.8399 1098.0031 1103.4369 1109.1596 1115.189 1121.5417 1128.2337 1135.2794 1142.6908 1150.4768 1158.6406 1167.1777 1176.072 1185.2906 1194.7773 1204.4432 1214.1556 1223.7228 1232.876 1241.2478 1248.3464 1253.5295 1255.9857 1254.7514 1248.8616 1237.935 1223.8873 1213.9433 1219.1406 1239.3131
989.74632 991.65137 993.71766 995.9539 998.36729 1000.9629 1003.7429 1006.7059 1009.8464 1013.1543 1016.6146 1020.2078 1023.9104 1027.6959 1031.5364 1035.405 1039.2776 1043.1357 1046.968 1050.7719 1054.5536 1058.3275 1062.1151 1065.9423 1069.8381 1073.8319 1077.9525 1082.2267 1086.679 1091.3314 1096.2037 1101.3138 1106.678 1112.3116 1118.2291 1124.444 1130.9692 1137.8161 1144.9945 1152.5104 1160.3654 1168.553 1177.0557 1185.8396 1194.8487 1203.9966 1213.1573 1222.155 1230.7521 1238.6384 1245.4226 1250.6323 1253.7345 1254.2084 1251.7459 1246.7305 1241.1336 1239.2605 1245.8005 1259.8772
989.27641 991.16198 993.23404 995.50469 997.98426 1000.6804 1003.5971 1006.734 1010.0849 1013.6378 1017.3739 1021.2678 1025.288 1029.3985 1033.5605 1037.7356 1041.889 1045.993 1050.0299 1053.9941 1057.8926 1061.7434 1065.5739 1069.4172 1073.3091 1077.2852 1081.3784 1085.6184 1090.0304 1094.6358 1099.4526 1104.4961 1109.7796 1115.3151 1121.1139 1127.1867 1133.5437 1140.1947 1147.1479 1154.4095 1161.9814 1169.8592 1178.0282 1186.4591 1195.1018 1203.8784 1212.6758 1221.3374 1229.6571 1237.376 1244.1862 1249.7482 1253.733 1255.9141 1256.345 1255.659 1255.4184 1258.0944 1265.9427 1279.0848
988.47519 990.32764 992.39492 994.69357 997.23816 1000.0401 1003.1064 1006.4383 1010.0303 1013.8683 1017.9294 1022.1814 1026.5829 1031.0852 1035.6348 1040.1774 1044.6629 1049.0505 1053.3137 1057.4429 1061.4469 1065.3503 1069.1902 1073.011 1076.8593 1080.7794 1084.8108 1088.9864 1093.3329 1097.8705 1102.6149 1107.578 1112.7696 1118.1978 1123.8704 1129.7952 1135.9803 1142.4344 1149.1658 1156.1824 1163.4897 1171.0888 1178.9726 1187.1216 1195.4975 1204.0366 1212.6424 1221.1791 1229.4678 1237.2884 1244.3907 1250.5198 1255.4664 1259.1515 1261.7571 1263.8884 1266.6902 1271.7463 1280.6838 1294.9142
987.29392 989.09484 991.14249 993.45921 996.06527 998.97744 1002.2073 1005.7594 1009.6296 1013.803 1018.2524 1022.9377 1027.8053 1032.79 1037.8182 1042.8131 1047.7025 1052.4264 1056.945 1061.2438 1065.3351 1069.2547 1073.0557 1076.7999 1080.5504 1084.3644 1088.2901 1092.3652 1096.6168 1101.0636 1105.7175 1110.586 1115.6739 1120.9846 1126.522 1132.2903 1138.2958 1144.5462 1151.0513 1157.8224 1164.8714 1172.2085 1179.8396 1187.7609 1195.9526 1204.3713 1212.9416 1221.5492 1230.0372 1238.2095 1245.845 1252.7259 1258.6867 1263.6854 1267.8939 1271.7868 1276.183 1282.2016 1291.1931 1304.8888
985.67777 987.40261 989.40999 991.72978 994.38995 997.41471 1000.8224 1004.6231 1008.8161 1013.3868 1018.3048 1023.5211 1028.9675 1034.5575 1040.1898 1045.7559 1051.1504 1056.2843 1061.0978 1065.5692 1069.7173 1073.5967 1077.2865 1080.8764 1084.4538 1088.0948 1091.8589 1095.7888 1099.9114 1104.2418 1108.7861 1113.5452 1118.5172 1123.6994 1129.0901 1134.6899 1140.502 1146.5338 1152.7968 1159.3073 1166.0861 1173.1567 1180.5435 1188.2656 1196.3306 1204.7239 1213.3982 1222.2636 1231.1812 1239.965 1248.3958 1256.2493 1263.3418 1269.5897 1275.0758 1280.1041 1285.2202 1291.1931 1298.9966 1309.8293
983.56522 985.18144 987.12016 989.42096 992.12199 995.25771 998.85627 1002.9364 1007.5037 1012.5471 1018.0341 1023.9074 1030.0819 1036.4439 1042.8547 1049.1597 1055.2039 1060.8531 1066.0152 1070.6574 1074.8106 1078.561 1082.0304 1085.3523 1088.6511 1092.0289 1095.5595 1099.2897 1103.244 1107.4302 1111.8452 1116.4802 1121.3238 1126.3652 1131.5957 1137.01 1142.608 1148.3955 1154.3858 1160.6008 1167.0721 1173.841 1180.9562 1188.4699 1196.4281 1204.8586 1213.7545 1223.0583 1232.6497 1242.342 1251.8934 1261.034 1269.509 1277.133 1283.8462 1289.7581 1295.1648 1300.534 1306.4613 1313.5576
980.88735 982.3522 984.18363 986.43359 989.15356 992.39191 996.19066 1000.5815 1005.5812 1011.186 1017.3657 1024.0565 1031.1554 1038.5156 1045.9481 1053.232 1060.1363 1066.4537 1072.0393 1076.8414 1080.9122 1084.392 1087.4736 1090.3603 1093.232 1096.2255 1099.431 1102.8965 1106.6382 1110.6512 1114.9179 1119.4152 1124.1189 1129.0067 1134.0605 1139.2676 1144.6221 1150.1268 1155.7951 1161.6541 1167.7471 1174.136 1180.9019 1188.1408 1195.9547 1204.434 1213.634 1223.5474 1234.0808 1245.0417 1256.1444 1267.036 1277.3404 1286.7143 1294.9058 1301.8028 1307.4633 1312.1149 1316.1109 1319.8069
